318
0
291
302
337
405
474
518
557
498
504
651
780
936
919
944
905
753
972
983
949
756
589
593
595
537
544
597
655
682
682
679
699
707
733
719
653
643
664
664
635
615
588
558
562
548
569
514
467
448
409
417
442
482
496
466
439
407
367
338
328
295
341
337
318
296
271
254
234
221
210
199
186
174
163
152
139
125
109
91
76
64
52
43
38
33
30
28
25
23
18
13
8
1
0
0
0
0
0
0
0
0
0
0
0
0
0
0
0
0
0
0
0
0
0
0
0
0
0
0
0
0
0
0
0
0
0
0
0
0
0
0
0
0
0
0
0
0
0
0
0
0
0
0
0
0
0
0
0
0
0
0
0
0
0
0
0
0
0
0
0
0
0
0
0
0
0
0
0
0
0
0
0
0
0
0
0
0
0
0
0
0
0
0
0
0
0
0
0
0
0
0
0
0
0
0
0
0
0
0
0
0
0
0
0
0
0
0
0
0
0
0
0
0
0
0
0
0
0
0
0
0
0
0
0
0
0
0
0
0
0
0
0
0
0
0
0
5
5
6
7
10
11
13
16
22
27
37
52
85
92
131
170
110
214
347
407
410
250
394
508
516
299
303
554
568
590
609
629
647
661
682
699
714
729
745
758
776
791
806
816
828
843
850
868
882
888
902
915
925
935
943
951
961
967
973
977
982
986
991
996
997
1000
1001
1003
1004
1004
1002
999
997
996
993
990
988
982
977
972
967
959
954
951
939
932
931
954
948
911
910
908
871
850
853
829
803
794
776
764
750
735
718
703
680
666
647
629
611
593
577
554
541
525
502
479
462
444
424
403
384
363
341
319
302
281
258
240
222
201
180
160
138
115
95
76
44
31
23
19
14
11
8
3
0
0
0
0
0
0
0
0
0
0
0
0
0
0
0
0
0
0
0
0
0
0
0
0
0
0
0
0
0
0
0
0
0
0
0
0
0
0
0
0
0
0
0
0
0
0
0
0
0
0
0
0
0
0
0
0
0
0
0
0
0
0
0
0
0
0
0
0
0
0
0
0
0
0
0
0
0
0
0
0
0
0
0
0
0
0
0
0
0
0
0
0
0
0
0
0
0
0
0
0
0
0
0
0
0
0
0
0
0
0
0
0
0
0
0
0
0
0
0
0
0
0
0
0
0
0
0
0
0
0
0
0
0
0
0
0
0
0
0
0
0
0
1
9
18
28
41
54
86
97
110
129
147
139
111
115
120
140
240
283
216
208
245
314
373
341
286
388
461
519
513
458
451
483
510
700
605
522
467
411
458
471
633
601
570
613
624
680
617
673
715
727
741
783
779
770
774
773
789
783
810
843
833
803
790
820
788
613
475
666
634
716
797
796
852
899
896
890
871
549
500
593
641
441
718
709
725
742
737
724
744
725
792
849
882
860
852
836
801
784
782
734
585
734
578
536
605
561
479
405
321
349
407
347
270
373
456
474
439
422
247
261
274
267
180
210
155
146
197
168
122
112
105
100
94
88
81
74
64
55
48
41
35
29
23
17
11
5
0
0
0
0
0
0
0
0
0
0
55
0
0
0
0
0
0
0
0
0
0
0
0
0
0
0
0
0
0
0
0
0
0
0
0
0
0
0
0
0
0
0
0
0
0
0
0
0
0
0
0
0
0
0
0
0
0
0
0
0
0
0
0
0
0
0
0
0
0
0
0
0
0
0
0
0
0
0
0
0
0
0
0
0
0
0
0
0
0
0
0
0
0
0
0
0
0
0
0
0
0
0
0
0
0
0
0
0
0
0
0
0
0
0
0
0
0
0
0
0
0
0
0
0
0
0
0
0
0
0
0
0
0
0
0
0
0
0
0
0
0
0
0
0
0
0
0
0
0
0
0
0
0
0
0
0
0
0
0
0
0
0
0
0
0
0
0
0
0
0
0
0
564
577
621
683
703
715
722
742
764
768
759
774
767
706
729
872
855
870
717
973
952
971
953
837
901
1015
1079
491
328
272
318
390
1161
1081
1115
806
332
693
1101
1219
859
292
341
481
385
347
1058
302
244
701
1134
421
389
275
345
362
341
481
403
344
470
392
764
961
741
508
920
874
810
820
824
801
771
739
715
727
705
644
657
629
589
569
555
544
528
523
511
461
442
451
422
399
371
348
323
314
298
283
265
245
234
227
227
221
201
170
136
112
0
0
0
0
0
0
0
0
0
0
0
0
0
0
0
0
0
0
0
0
0
0
0
0
0
0
0
0
0
0
0
0
0
0
0
0
0
0
0
0
0
0
0
0
0
0
0
0
0
0
0
0
0
0
0
0
0
0
0
0
0
0
0
0
0
0
0
0
0
0
0
0
0
0
0
0
0
0
0
0
0
0
0
0
0
0
0
0
0
0
0
0
0
0
0
0
0
0
0
0
0
0
0
0
0
0
0
0
0
0
0
0
0
0
0
0
0
0
0
0
0
0
0
0
0
0
0
0
0
0
0
0
0
0
0
0
0
0
0
0
0
0
0
0
0
0
0
0
0
0
0
0
0
0
0
0
0
0
0
0
0
0
0
0
0
0
0
0
0
0
0
169
182
201
237
271
275
271
260
277
278
281
284
282
275
274
0
0
0
0
0
0
0
0
0
0
0
0
0
401
430
481
593
682
716
766
828
909
945
925
899
797
911
903
1015
1091
839
638
669
825
957
745
572
545
561
621
854
864
489
0
0
0
360
337
350
391
546
618
652
748
764
676
872
936
943
967
0
0
0
491
463
389
352
334
322
310
300
280
263
255
259
249
231
229
266
0
0
0
0
0
0
0
0
0
0
0
0
0
0
0
0
0
0
0
0
0
0
0
0
0
0
0
0
0
0
0
0
0
0
0
0
0
0
0
0
0
0
0
0
0
0
0
0
0
0
0
0
0
0
0
0
0
0
0
0
0
0
0
0
0
0
0
0
0
0
0
0
0
0
0
0
0
0
0
0
0
0
0
0
0
0
0
0
0
0
0
0
0
0
0
0
0
0
0
0
0
0
0
0
0
0
0
0
0
0
0
0
0
0
0
0
0
0
0
0
0
0
0
0
0
0
0
0
0
0
0
0
0
0
0
0
0
0
0
0
0
0
0
0
0
0
0
0
0
0
0
0
0
0
0
0
0
0
0
0
0
0
0
0
0
0
0
0
0
0
0
0
0
0
0
0
0
0
0
0
0
0
0
0
0
0
0
0
0
0
0
0
0
0
0
0
0
0
0
0
0
0
0
0
0
0
0
0
0
0
0
0
0
0
0
0
0
0
0
0
0
0
0
0
0
0
0
0
0
0
0
0
0
0
0
0
0
0
0
0
0
0
0
0
0
0
0
0
0
0
0
0
0
0
0
0
0
0
0
0
0
0
0
0
0
0
0
0
0
0
0
0
0
0
0
0
0
0
0
0
0
0
0
0
0
0
0
0
0
0
0
0
0
0
0
0
0
0
0
0
0
0
0
0
0
0
0
0
0
0
0
0
0
0
0
0
0
0
0
0
0
0
0
0
0
0
0
0
0
0
0
0
0
0
0
0
0
0
0
0
0
0
0
0
0
0
0
0
0
0
0
0
0
0
0
0
0
0
0
0
0
0
0
0
0
0
0
0
0
0
0
0
0
0
0
0
0
0
0
0
0
0
0
0
0
0
0
0
0
0
0
0
0
0
0
0
0
0
0
0
0
0
0
0
0
0
0
0
0
0
0
0
0
0
0
0
0
0
0
0
0
0
0
0
0
0
0
0
0
0
0
0
0
0
0
0
0
0
0
0
0
0
0
0
0
0
0
0
0
0
0
0
0
0
0
0
0
0
0
0
0
0
0
0
0
0
0
0
0
0
0
0
0
0
0
0
0
0
0
0
0
0
0
0
0
0
0
0
0
0
0
331
335
339
356
351
352
382
414
429
481
492
475
519
545
542
522
508
513
498
489
493
529
578
604
672
704
805
841
833
796
863
775
976
1002
995
972
852
681
734
935
810
673
693
578
567
581
579
595
640
728
777
779
791
787
791
731
747
738
724
696
702
0
0
0
0
0
0
0
0
0
0
0
0
0
0
0
0
0
0
0
0
0
0
0
0
0
0
0
0
0
0
0
0
0
0
0
0
0
0
0
0
0
0
0
0
0
0
0
0
0
0
0
0
0
0
0
0
0
0
0
0
0
0
0
0
0
0
0
0
0
0
0
0
0
0
0
0
0
0
0
0
0
0
0
0
0
0
0
0
0
0
0
0
0
0
0
0
0
0
0
0
0
0
0
0
0
0
0
0
0
0
0
0
0
0
0
0
0
0
0
0
0
0
0
0
0
0
0
0
0
0
0
0
0
0
0
0
0
0
0
0
0
0
0
0
0
0
0
0
0
0
0
0
0
0
0
0
0
0
0
0
0
0
0
0
0
0
0
0
0
0
0
0
0
0
0
0
0
0
0
0
0
0
0
0
0
0
0
0
0
0
0
0
0
0
0
0
0
0
0
0
0
0
0
0
0
0
0
0
0
0
0
0
0
0
0
0
0
0
0
0
0
0
0
513
510
0
0
0
0
0
0
745
752
766
779
843
942
285
466
570
889
871
890
912
927
1021
1060
584
934
996
964
948
984
959
961
963
990
961
975
982
998
992
1011
1022
1018
1041
1089
1068
1061
1089
1032
321
927
1116
1006
988
1062
711
375
1017
1063
887
1050
1047
846
176
367
941
962
982
970
398
165
257
260
682
842
212
177
218
235
277
183
194
180
186
157
167
407
305
351
553
0
200
189
0
177
432
224
141
120
96
68
73
102
123
76
90
99
89
89
70
40
33
30
26
24
20
17
14
10
6
0
0
0
0
0
0
0
0
0
0
0
0
0
0
0
0
0
0
0
0
0
0
0
0
0
0
0
0
0
0
0
0
0
0
0
0
0
0
0
0
0
0
0
0
0
0
0
0
0
0
0
0
0
0
0
0
0
0
0
0
0
0
0
0
0
0
0
0
0
0
0
0
0
0
0
0
0
0
0
0
0
0
0
0
0
0
0
0
0
0
0
0
0
0
0
0
0
0
0
0
0
0
0
0
0
0
0
0
0
0
0
0
0
0
0
0
0
0
0
0
0
0
0
0
0
0
0
0
0
0
0
0
0
0
0
0
0
0
0
0
0
6
11
10
10
14
21
32
33
37
37
54
76
136
72
69
70
53
83
110
104
242
263
399
330
174
188
220
262
473
194
428
445
577
343
214
286
215
197
191
526
627
293
358
287
356
242
314
244
253
253
253
224
303
785
271
450
550
523
1018
1015
596
648
853
963
1088
1062
1055
1094
1072
472
559
1034
1035
1021
1032
1038
1032
1008
976
1007
966
950
924
955
953
934
941
908
909
895
904
909
904
856
849
852
847
828
790
753
719
649
625
647
654
652
639
667
660
645
601
545
479
460
455
443
433
424
413
402
392
377
365
354
340
327
312
295
280
264
245
226
214
201
164
99
87
62
50
32
26
27
18
15
11
7
5
0
0
0
0
0
0
0
0
0
0
0
0
0
0
0
0
0
0
0
0
0
0
0
0
0
0
0
0
0
0
0
0
0
0
0
0
0
0
0
0
0
0
0
0
0
0
0
0
0
0
0
0
0
0
0
0
0
0
0
0
0
0
0
0
0
0
0
0
0
0
0
0
0
0
0
0
0
0
0
0
0
0
0
0
0
0
0
0
0
0
0
0
0
0
0
0
0
0
0
0
0
0
0
0
0
0
0
0
0
0
0
0
0
0
0
0
0
0
0
0
0
0
0
0
0
0
0
0
0
0
0
0
0
0
0
0
0
0
0
0
0
0
0
0
0
0
0
0
4
7
10
12
17
19
23
27
32
36
41
47
54
62
72
83
94
108
124
140
154
166
175
180
184
190
187
192
199
211
229
252
263
277
289
284
258
237
265
285
322
394
490
573
655
768
733
718
702
639
533
463
620
834
969
1056
558
1053
1128
997
687
556
745
518
504
639
590
692
1088
693
749
796
815
808
765
769
988
1043
1038
1019
1006
866
1025
953
954
953
936
923
913
879
807
772
730
706
698
694
695
700
698
683
665
656
640
616
550
494
472
439
434
402
396
402
248
380
368
351
337
326
304
278
246
231
165
139
123
100
81
66
55
43
39
36
32
27
24
21
16
12
8
3
0
0
0
0
0
0
0
0
0
0
0
0
0
0
0
0
0
0
0
0
0
0
0
0
0
0
0
0
0
0
0
0
0
0
0
0
0
0
0
0
0
0
0
0
0
0
0
0
0
0
0
0
0
0
0
0
0
0
0
0
0
0
0
0
0
0
0
0
0
0
0
0
0
0
0
0
0
0
0
0
0
0
0
0
0
0
0
0
0
0
0
0
0
0
0
0
0
0
0
0
0
0
0
0
0
0
0
0
0
0
0
0
0
0
0
0
0
0
0
0
0
0
0
0
0
0
0
0
0
0
0
0
0
0
0
0
0
0
0
0
0
0
0
2
8
13
18
23
27
27
40
35
28
25
44
49
76
117
79
128
109
96
185
183
247
276
346
349
324
241
210
222
528
575
582
544
616
642
665
543
414
826
834
810
849
406
403
422
830
944
826
676
733
729
708
695
569
787
713
720
785
694
910
934
936
944
908
855
956
1033
1049
1044
1073
1068
1053
1090
1115
1117
1066
931
1004
1016
960
965
946
942
998
1019
996
938
890
866
847
839
861
844
770
697
744
719
702
700
678
643
620
651
652
638
627
611
603
563
496
443
421
423
411
405
405
394
375
353
336
318
293
269
252
209
197
167
152
142
131
115
100
79
68
53
45
40
37
32
26
21
16
12
8
3
0
0
0
0
0
0
0
0
0
0
0
0
0
0
0
0
0
0
0
0
0
0
0
0
0
0
0
0
0
0
0
0
0
0
0
0
0
0
0
0
0
0
0
0
0
0
0
0
0
0
0
0
0
0
0
0
0
0
0
0
0
0
0
0
0
0
0
0
0
0
0
0
0
0
0
0
0
0
0
0
0
0
0
0
0
0
0
0
0
0
0
0
0
0
0
0
0
0
0
0
0
0
0
0
0
0
0
0
0
0
0
0
0
0
0
0
0
0
0
0
0
0
0
0
0
0
0
0
0
0
0
0
0
0
0
0
0
0
0
0
0
0
0
0
7
14
25
41
63
104
106
112
82
84
73
74
82
90
122
157
183
143
192
273
311
232
196
250
304
375
553
429
606
453
496
504
657
256
276
385
280
436
764
731
749
786
770
763
766
750
767
853
848
871
911
919
859
916
889
847
855
379
1050
1046
1085
1025
1114
955
1107
1145
1106
1114
435
338
335
540
1166
1139
747
272
868
990
821
269
593
663
530
252
508
206
767
938
932
916
977
527
486
813
803
729
692
679
655
607
538
650
653
543
641
618
606
434
366
384
432
424
422
406
390
380
365
355
344
333
318
306
293
280
266
252
238
223
206
190
173
151
132
111
93
75
59
45
32
22
15
11
8
3
0
0
0
0
0
0
0
0
0
0
0
0
0
0
0
0
0
0
0
0
0
0
0
0
0
0
0
0
0
0
0
0
0
0
0
0
0
0
0
0
0
0
0
0
0
0
0
0
0
0
0
0
0
0
0
0
0
0
0
0
0
0
0
0
0
0
0
0
0
0
0
0
0
0
0
0
0
0
0
0
0
0
0
0
0
0
0
0
0
0
0
0
0
0
0
0
0
0
0
0
0
0
0
0
0
0
0
0
0
0
0
0
0
0
0
0
0
0
0
0
0
0
0
0
0
0
0
0
0
0
0
0
0
0
0
0
0
0
0
0
0
0
0
0
4
8
12
18
26
31
32
39
43
52
49
60
83
93
91
99
128
178
269
248
205
213
265
224
226
542
558
570
610
435
601
571
579
668
553
718
403
576
673
749
698
517
392
394
555
440
527
508
637
824
807
936
928
788
814
929
889
881
903
880
869
834
806
960
927
953
739
554
952
890
874
886
897
932
922
905
858
829
830
853
781
755
753
776
732
688
562
452
441
548
429
431
902
954
897
817
813
824
804
703
369
425
472
279
246
598
347
408
364
395
508
363
394
430
361
363
420
394
377
322
142
114
130
140
180
226
211
219
209
184
164
158
127
95
58
49
37
32
30
25
21
17
10
2
0
0
0
0
0
0
0
0
0
0
0
0
0
0
0
0
0
0
0
0
0
0
0
0
0
0
0
0
0
0
0
0
0
0
0
0
0
0
0
0
0
0
0
0
0
0
0
0
0
0
0
0
0
0
0
0
0
0
0
0
0
0
0
0
0
0
0
0
0
0
0
0
0
0
0
0
0
0
0
0
0
0
0
0
0
0
0
0
0
0
0
0
0
0
0
0
0
0
0
0
0
0
0
0
0
0
0
0
0
0
0
0
0
0
0
0
0
0
0
0
0
0
0
0
0
0
0
0
0
0
0
0
0
0
0
0
0
0
0
0
0
0
0
1
8
15
24
33
41
49
60
73
87
112
129
126
167
185
120
124
132
142
156
172
188
203
208
213
217
224
240
271
308
335
346
329
354
431
508
597
600
567
722
746
735
650
672
660
635
622
675
622
663
578
561
750
850
881
930
925
910
892
909
914
910
835
630
873
844
799
780
872
886
907
829
889
871
809
795
796
868
862
822
763
692
729
634
638
562
624
601
560
564
552
571
574
579
586
566
559
509
470
450
440
420
399
371
351
341
339
336
337
332
328
315
306
305
294
272
255
253
254
231
210
212
214
208
186
166
177
167
164
152
161
130
103
88
78
62
49
40
30
23
18
13
9
6
1
0
0
0
0
0
0
0
0
0
0
0
0
0
0
0
0
0
0
0
0
0
0
0
0
0
0
0
0
0
0
0
0
0
0
0
0
0
0
0
0
0
0
0
0
0
0
0
0
0
0
0
0
0
0
0
0
0
0
0
0
0
0
0
0
0
0
0
0
0
0
0
0
0
0
0
0
0
0
0
0
0
0
0
0
0
0
0
0
0
0
0
0
0
0
0
0
0
0
0
0
0
0
0
0
0
0
0
0
0
0
0
0
0
0
0
0
0
0
0
0
0
0
0
0
0
0
0
0
0
0
0
0
0
0
0
0
0
0
0
0
0
0
0
0
4
10
15
20
26
34
40
44
47
49
51
52
56
63
72
87
101
112
122
136
140
139
154
177
191
198
217
231
238
242
266
286
309
321
338
349
373
387
450
473
468
466
469
472
466
458
469
471
425
470
440
514
451
378
401
606
641
458
568
846
943
774
368
421
680
762
523
915
382
468
483
800
778
1110
970
952
874
905
956
985
1036
1064
1120
939
364
876
961
944
872
771
849
845
870
824
752
687
652
643
628
625
619
622
627
619
549
538
608
606
579
520
395
268
205
261
281
322
370
366
345
336
310
208
204
147
110
96
92
79
63
52
46
41
37
38
43
45
47
41
31
23
19
15
10
5
0
0
0
0
0
0
0
0
0
0
0
0
0
0
0
0
0
0
0
0
0
0
0
0
0
0
0
0
0
0
0
0
0
0
0
0
0
0
0
0
0
0
0
0
0
0
0
0
0
0
0
0
0
0
0
0
0
0
0
0
0
0
0
0
0
0
0
0
0
0
0
0
0
0
0
0
0
0
0
0
0
0
0
0
0
0
0
0
0
0
0
0
0
0
0
0
0
0
0
0
0
0
0
0
0
0
0
0
0
0
0
0
0
0
0
0
0
0
0
0
0
0
0
0
0
0
0
0
0
0
0
0
0
0
0
0
0
0
0
0
0
0
0
3
4
1
7
12
21
35
77
120
164
146
59
43
45
47
45
48
78
166
198
201
167
175
191
214
240
352
256
511
568
497
484
312
323
424
329
337
234
273
333
439
630
577
470
495
932
979
559
960
981
355
491
750
396
335
549
763
382
347
397
431
314
269
233
257
270
314
445
900
544
919
1285
462
464
1048
646
380
350
315
339
331
346
373
373
390
832
1071
1044
768
252
553
1121
245
259
322
536
748
779
182
162
484
420
595
602
548
488
497
493
512
530
516
511
477
454
440
411
387
360
248
164
81
69
65
65
63
54
46
48
49
51
52
53
53
53
50
47
43
41
39
37
32
26
19
10
2
0
0
0
0
0
0
0
0
0
0
0
0
0
0
0
0
0
0
0
0
0
0
0
0
0
0
0
0
0
0
0
0
0
0
0
0
0
0
0
0
0
0
0
0
0
0
0
0
0
0
0
0
0
0
0
0
0
0
0
0
0
0
0
0
0
0
0
0
0
0
0
0
0
0
0
0
0
0
0
0
0
0
0
0
0
0
0
0
0
0
0
0
0
0
0
0
0
0
0
0
0
0
0
0
0
0
0
0
0
0
0
0
0
0
0
0
0
0
0
0
0
0
0
0
0
0
0
0
0
0
0
0
0
0
0
0
0
0
0
0
0
0
0
0
0
0
2
5
7
10
13
18
26
28
25
20
28
33
38
39
32
28
33
38
50
66
91
109
133
136
137
128
141
190
199
161
144
156
149
186
197
294
365
367
370
374
385
419
483
641
476
601
693
605
799
438
311
393
561
421
224
252
313
278
212
203
245
290
336
335
339
375
417
447
499
578
599
588
629
783
1012
880
650
681
634
1030
1047
899
857
985
946
1156
695
464
355
372
380
338
287
232
189
162
153
145
163
195
221
215
174
126
106
86
77
69
67
70
75
77
80
83
86
88
91
93
94
93
94
95
93
93
93
91
90
86
83
80
76
72
65
56
48
38
31
22
15
9
3
0
0
0
0
0
0
0
0
0
0
0
0
0
0
0
0
0
0
0
0
0
0
0
0
0
0
0
0
0
0
0
0
0
0
0
0
0
0
0
0
0
0
0
0
0
0
0
0
0
0
0
0
0
0
0
0
0
0
0
0
0
0
0
0
0
0
0
0
0
0
0
0
0
0
0
0
0
0
0
0
0
0
0
0
0
0
0
0
0
0
0
0
0
0
0
0
0
0
0
0
0
0
0
0
0
0
0
0
0
0
0
0
0
0
0
0
0
0
0
0
0
0
0
0
0
0
0
0
0
0
0
0
0
0
0
0
0
0
0
0
0
0
0
0
0
0
0
0
0
0
0
0
0
0
0
0
0
0
0
0
0
0
0
0
0
0
0
144
144
150
0
0
0
236
232
229
225
266
296
327
0
370
447
473
574
581
484
438
419
438
470
467
700
508
612
675
691
539
432
557
715
632
647
621
659
805
851
751
793
584
451
429
479
402
382
417
513
656
517
729
827
1332
814
626
674
683
870
729
693
679
671
594
678
601
825
865
748
635
632
501
500
648
575
545
612
673
651
581
560
523
533
353
297
353
355
302
232
233
308
344
393
555
513
453
403
377
354
337
318
246
204
161
146
130
118
105
98
98
92
82
66
52
37
23
16
14
11
5
0
0
0
0
0
0
0
0
0
0
0
0
0
0
0
0
0
0
0
0
0
0
0
0
0
0
0
0
0
0
0
0
0
0
0
0
0
0
0
0
0
0
0
0
0
0
0
0
0
0
0
0
0
0
0
0
0
0
0
0
0
0
0
0
0
0
0
0
0
0
0
0
0
0
0
0
0
0
0
0
0
0
0
0
0
0
0
0
0
0
0
0
0
0
0
0
0
0
0
0
0
0
0
0
0
0
0
0
0
0
0
0
0
0
0
0
0
0
0
0
0
0
0
0
0
0
0
0
0
0
0
0
0
0
0
0
0
0
0
0
0
0
0
0
1
6
10
17
24
29
41
73
64
44
48
51
64
79
95
108
102
105
115
112
98
83
77
97
114
118
114
124
143
169
221
272
311
360
611
652
442
317
254
249
281
337
366
355
318
310
327
367
373
368
341
378
405
445
482
479
457
516
538
459
502
450
434
546
869
705
510
952
1026
1066
1006
611
613
1070
747
737
1096
798
792
845
786
705
564
638
538
528
597
533
508
605
440
218
250
256
276
236
261
335
334
315
310
312
327
207
149
123
115
107
136
176
238
373
397
351
258
149
117
90
88
91
94
104
110
100
88
86
81
59
42
35
40
39
45
50
52
52
48
41
31
21
15
11
7
2
0
0
0
0
0
0
0
0
0
0
0
0
0
0
0
0
0
0
0
0
0
0
0
0
0
0
0
0
0
0
0
0
0
0
0
0
0
0
0
0
0
0
0
0
0
0
0
0
0
0
0
0
0
0
0
0
0
0
0
0
0
0
0
0
0
0
0
0
0
0
0
0
0
0
0
0
0
0
0
0
0
0
0
0
0
0
0
0
0
0
0
0
0
0
0
0
0
0
0
0
0
0
0
0
0
0
0
0
0
0
0
0
0
0
0
0
0
0
0
0
0
0
0
0
0
0
0
0
0
0
0
0
0
0
0
0
0
0
0
0
0
0
0
0
2
11
22
29
41
52
55
64
72
86
111
126
127
116
118
125
127
136
143
158
183
206
223
245
265
295
320
328
334
319
320
298
271
259
254
267
272
296
337
378
452
427
397
398
387
396
444
545
544
519
514
481
472
511
504
549
553
522
560
505
481
471
499
599
744
715
567
516
503
524
507
482
326
258
263
338
334
332
341
363
362
426
414
392
373
415
478
508
465
406
391
392
393
383
411
411
386
354
334
320
308
296
281
276
273
279
293
311
313
314
309
302
315
334
321
279
242
246
297
323
289
311
298
153
124
91
65
62
53
47
48
49
42
39
37
32
29
36
28
19
11
8
5
0
0
0
0
0
0
0
0
0
0
0
0
0
0
0
0
0
0
0
0
0
0
0
0
0
0
0
0
0
0
0
0
0
0
0
0
0
0
0
0
0
0
0
0
0
0
0
0
0
0
0
0
0
0
0
0
0
0
0
0
0
0
0
0
0
0
0
0
0
0
0
0
0
0
0
0
0
0
0
0
0
0
0
0
0
0
0
0
0
0
0
0
0
0
0
0
0
0
0
0
0
0
0
0
0
0
0
0
0
0
0
0
0
0
0
0
0
0
0
0
0
0
0
0
0
0
0
0
0
0
0
0
0
0
0
0
0
0
0
0
0
0
0
0
0
1
7
11
15
19
26
33
37
42
41
38
40
46
47
66
75
80
72
68
86
104
95
137
173
222
174
111
117
128
171
270
236
202
245
320
438
462
406
319
334
305
295
281
235
306
281
354
394
631
891
459
346
450
1004
940
940
946
954
960
965
975
985
1018
1072
1051
1038
1048
1055
1072
1087
1127
1058
1051
1083
1046
995
1017
724
1053
1008
987
966
980
972
957
947
922
908
907
905
895
719
734
809
795
770
703
661
662
631
614
548
466
563
521
525
486
499
512
374
429
470
462
450
440
435
408
356
314
332
306
295
294
246
230
243
224
202
107
47
42
45
46
99
82
52
39
38
37
32
26
21
14
10
2
0
0
0
0
0
0
0
0
0
0
0
0
0
0
0
0
0
0
0
0
0
0
0
0
0
0
0
0
0
0
0
0
0
0
0
0
0
0
0
0
0
0
0
0
0
0
0
0
0
0
0
0
0
0
0
0
0
0
0
0
0
0
0
0
0
0
0
0
0
0
0
0
0
0
0
0
0
0
0
0
0
0
0
0
0
0
0
0
0
0
0
0
0
0
0
0
0
0
0
0
0
0
0
0
0
0
0
0
0
0
0
0
0
0
0
0
0
0
0
0
0
0
0
0
0
0
0
0
0
0
0
0
0
0
0
0
0
0
0
0
0
0
0
0
3
8
11
15
19
22
25
26
29
32
35
39
44
52
60
63
73
83
92
99
112
119
128
147
159
174
193
199
200
192
175
164
153
159
192
252
301
335
372
429
448
417
392
389
500
529
470
512
457
487
520
616
718
675
605
612
756
684
640
600
556
517
546
573
598
751
589
574
650
931
705
1129
1099
1047
339
312
388
1051
507
283
814
1030
745
346
739
676
1037
971
1088
860
914
898
883
739
411
811
545
165
623
213
390
563
644
255
276
378
587
156
134
134
142
139
169
183
162
130
156
175
149
145
162
123
131
80
81
103
33
12
11
12
10
7
5
2
0
0
0
0
4
5
2
0
0
0
0
0
0
0
0
0
0
0
0
0
0
0
0
0
0
0
0
0
0
0
0
0
0
0
0
0
0
0
0
0
0
0
0
0
0
0
0
0
0
0
0
0
0
0
0
0
0
0
0
0
0
0
0
0
0
0
0
0
0
0
0
0
0
0
0
0
0
0
0
0
0
0
0
0
0
0
0
0
0
0
0
0
0
0
0
0
0
0
0
0
0
0
0
0
0
0
0
0
0
0
0
0
0
0
0
0
0
0
0
0
0
0
0
0
0
0
0
0
0
0
0
0
0
0
0
0
0
0
0
0
0
0
0
0
0
0
0
0
0
0
0
0
0
0
0
0
0
0
0
0
0
0
0
0
0
0
0
0
0
0
0
0
0
0
199
0
0
167
193
223
219
211
208
265
249
316
363
205
176
172
138
116
99
120
336
404
419
423
493
672
640
676
916
1202
606
617
617
1223
1036
788
1157
946
1148
775
836
842
1119
1153
1141
1199
796
983
880
512
554
563
628
894
1072
962
962
509
883
964
1112
1143
572
881
653
0
0
0
0
0
0
0
0
0
0
0
0
355
314
280
294
349
366
298
324
311
124
92
92
106
170
216
256
341
406
347
302
297
252
268
293
293
314
309
278
262
238
199
151
121
99
81
58
34
20
15
11
11
11
10
7
5
1
0
0
0
0
0
0
0
0
0
0
0
0
0
0
0
0
0
0
0
0
0
0
0
0
0
0
0
0
0
0
0
0
0
0
0
0
0
0
0
0
0
0
0
0
0
0
0
0
0
0
0
0
0
0
0
0
0
0
0
0
0
0
0
0
0
0
0
0
0
0
0
0
0
0
0
0
0
0
0
0
0
0
0
0
0
0
0
0
0
0
0
0
0
0
0
0
0
0
0
0
0
0
0
0
0
0
0
0
0
0
0
0
0
0
0
0
0
0
0
0
0
0
0
0
0
0
0
0
0
0
0
0
0
0
0
0
0
0
0
0
0
0
0
0
3
11
20
30
37
38
47
58
72
84
84
82
87
98
102
109
125
142
159
166
168
176
182
185
189
201
219
234
255
268
267
279
292
301
311
318
333
362
389
412
428
449
474
538
590
607
604
628
668
675
560
468
654
853
896
777
474
664
881
778
1059
401
420
439
458
433
560
392
375
1018
982
390
381
334
262
301
403
364
373
722
1112
939
617
246
258
263
248
261
278
238
230
213
193
194
182
320
827
804
763
735
718
699
665
0
610
608
589
580
539
532
493
404
360
431
423
412
403
359
316
338
353
376
353
243
232
120
40
14
8
5
5
5
5
3
0
0
0
0
0
0
0
0
0
0
0
0
0
0
0
0
0
0
0
0
0
0
0
0
0
0
0
0
0
0
0
0
0
0
0
0
0
0
0
0
0
0
0
0
0
0
0
0
0
0
0
0
0
0
0
0
0
0
0
0
0
0
0
0
0
0
0
0
0
0
0
0
0
0
0
0
0
0
0
0
0
0
0
0
0
0
0
0
0
0
0
0
0
0
0
0
0
0
0
0
0
0
0
0
0
0
0
0
0
0
0
0
0
0
0
0
0
0
0
0
0
0
0
0
0
0
0
0
0
0
0
0
0
0
0
0
0
0
0
0
0
0
0
0
0
0
0
0
0
0
0
0
0
0
0
0
0
0
0
0
0
2
5
5
8
13
19
29
30
31
27
32
40
47
51
50
50
59
69
81
107
129
153
167
174
179
178
183
193
212
214
214
231
250
253
280
317
341
375
412
438
445
469
465
487
552
549
665
802
866
898
922
937
933
920
868
833
822
832
861
879
886
885
903
881
851
880
901
644
637
667
1000
1040
1048
871
875
1047
1036
1040
1058
1172
878
809
752
157
123
104
88
109
136
132
143
297
555
235
650
491
389
340
375
416
376
534
668
621
380
103
82
68
59
63
83
83
83
115
289
272
246
107
148
109
85
67
61
54
80
76
71
54
46
31
37
38
25
23
17
12
9
2
0
0
0
0
0
0
0
0
0
0
0
0
0
0
0
0
0
0
0
0
0
0
0
0
0
0
0
0
0
0
0
0
0
0
0
0
0
0
0
0
0
0
0
0
0
0
0
0
0
0
0
0
0
0
0
0
0
0
0
0
0
0
0
0
0
0
0
0
0
0
0
0
0
0
0
0
0
0
0
0
0
0
0
0
0
0
0
0
0
0
0
0
0
0
0
0
0
0
0
0
0
0
0
0
0
0
0
0
0
0
0
0
0
0
0
0
0
0
0
0
0
0
0
0
0
0
0
0
0
0
0
0
0
0
0
0
0
0
0
0
0
0
0
0
0
0
0
0
0
0
0
0
0
0
0
59
153
186
138
164
229
413
305
199
227
223
310
302
266
263
318
435
627
884
823
873
894
872
725
754
420
450
780
987
751
351
357
436
373
219
271
886
922
931
677
1027
965
990
564
361
393
454
780
561
417
283
723
222
453
1093
908
1118
1098
1091
1053
1021
1036
1023
1008
992
980
981
988
990
979
963
953
944
954
955
955
917
889
875
868
874
867
838
807
776
754
720
687
658
628
602
581
556
533
513
495
477
461
448
448
412
395
393
383
358
303
251
215
209
221
222
114
73
145
92
56
53
47
44
42
40
38
35
32
28
24
19
16
11
7
4
0
0
0
0
0
0
0
0
0
0
0
0
0
0
0
0
0
0
0
0
0
0
0
0
0
0
0
0
0
0
0
0
0
0
0
0
0
0
0
0
0
0
0
0
0
0
0
0
0
0
0
0
0
0
0
0
0
0
0
0
0
0
0
0
0
0
0
0
0
0
0
0
0
0
0
0
0
0
0
0
0
0
0
0
0
0
0
0
0
0
0
0
0
0
0
0
0
0
0
0
0
0
0
0
0
0
0
0
0
0
0
0
0
0
0
0
0
0
0
0
0
0
0
0
0
0
0
0
0
0
0
0
0
0
0
0
0
0
0
0
0
0
0
0
3
6
7
11
16
25
35
48
53
63
86
112
136
163
213
272
292
311
258
376
444
474
478
510
445
486
442
533
557
578
595
617
437
389
297
467
801
860
880
872
893
827
391
421
789
958
785
777
963
967
540
928
1097
740
921
1065
1059
426
304
249
1098
1081
823
1236
1161
638
806
1040
1029
1035
1037
1027
1028
1041
1054
1058
566
1071
542
359
1036
1007
1010
996
978
949
928
920
916
884
922
615
793
981
914
893
901
941
921
789
378
342
690
633
605
564
548
522
507
490
487
482
477
467
437
419
385
354
319
291
270
259
280
289
243
127
86
60
183
114
119
126
60
92
66
70
88
50
25
21
18
14
10
7
1
0
0
0
0
0
0
0
0
0
0
0
0
0
0
0
0
0
0
0
0
0
0
0
0
0
0
0
0
0
0
0
0
0
0
0
0
0
0
0
0
0
0
0
0
0
0
0
0
0
0
0
0
0
0
0
0
0
0
0
0
0
0
0
0
0
0
0
0
0
0
0
0
0
0
0
0
0
0
0
0
0
0
0
0
0
0
0
0
0
0
0
0
0
0
0
0
0
0
0
0
0
0
0
0
0
0
0
0
0
0
0
0
0
0
0
0
0
0
0
0
0
0
0
0
0
0
0
0
0
0
0
0
0
0
0
0
0
0
0
0
0
0
0
0
3
10
17
26
34
42
51
63
74
91
112
136
167
190
184
201
205
156
130
182
192
234
231
239
270
246
303
380
395
426
470
458
485
332
370
351
383
335
666
452
346
369
490
461
384
517
488
922
901
905
678
863
895
978
991
1023
971
1032
1054
1041
1011
971
1087
997
455
1053
1174
989
546
1151
921
446
417
731
1047
797
1034
877
839
850
806
795
845
887
830
810
831
790
778
786
766
624
764
410
623
537
348
474
470
396
356
333
365
372
362
348
333
329
323
316
323
321
295
213
213
234
254
236
220
209
199
190
182
174
161
150
139
128
118
107
96
86
77
69
63
58
52
45
36
28
19
12
6
0
0
0
0
0
0
0
0
0
0
0
0
0
0
0
0
0
0
0
0
0
0
0
0
0
0
0
0
0
0
0
0
0
0
0
0
0
0
0
0
0
0
0
0
0
0
0
0
0
0
0
0
0
0
0
0
0
0
0
0
0
0
0
0
0
0
0
0
0
0
0
0
0
0
0
0
0
0
0
0
0
0
0
0
0
0
0
0
0
0
0
0
0
0
0
0
0
0
0
0
0
0
0
0
0
0
0
0
0
0
0
0
0
0
0
0
0
0
0
0
0
0
0
0
0
0
0
0
0
0
0
0
0
0
0
0
0
0
0
0
0
0
0
0
0
4
7
11
18
31
29
26
38
63
72
56
53
63
126
145
182
194
255
404
356
310
431
344
440
366
328
243
546
315
170
146
142
281
280
298
458
468
584
588
660
937
910
877
400
753
878
965
963
962
881
304
313
510
627
920
973
490
583
323
981
778
365
338
456
522
287
220
273
505
291
320
309
438
425
409
272
189
131
148
86
73
102
90
84
78
54
48
44
39
39
40
46
52
59
68
76
73
77
87
98
131
143
102
79
73
62
52
51
56
65
68
69
70
76
79
79
79
82
84
84
89
85
79
76
66
54
47
57
63
65
63
55
48
43
41
38
35
29
24
19
14
9
3
0
0
0
0
0
0
0
0
0
0
0
0
0
0
